# Created by Octave 5.2.0, Wed Aug 24 15:46:43 2022 +06 <hassin@P51>
# name: x0
# type: matrix
# rows: 2
# columns: 1
 -0.079606330424582109
 -0.6350256597157462


# name: t0
# type: scalar
0.10000000000000001


